[gd_scene load_steps=451 format=2]

[ext_resource path="res://Game/Character/Character.tscn" type="PackedScene" id=1]
[ext_resource path="res://addons/dreadpon.spatial_gardener/arborist/arborist.gd" type="Script" id=2]
[ext_resource path="res://Game/Game.gd" type="Script" id=3]
[ext_resource path="res://Props/rock.tscn" type="PackedScene" id=4]
[ext_resource path="res://Props/Terrain.tscn" type="PackedScene" id=5]
[ext_resource path="res://addons/dreadpon.spatial_gardener/gardener/gardener.gd" type="Script" id=6]
[ext_resource path="res://addons/LOD_Manager/LODManager.gd" type="Script" id=7]
[ext_resource path="res://Game/Position3D.gd" type="Script" id=8]
[ext_resource path="res://addons/LOD_Manager/LODObject.gd" type="Script" id=9]
[ext_resource path="res://Models/Treestatic.tscn" type="PackedScene" id=10]
[ext_resource path="res://addons/dreadpon.spatial_gardener/arborist/mmi_octree/mmi_octree_node.gd" type="Script" id=11]
[ext_resource path="res://addons/dreadpon.spatial_gardener/arborist/placement_transform.gd" type="Script" id=12]
[ext_resource path="res://addons/dreadpon.spatial_gardener/arborist/mmi_octree/mmi_octree_manager.gd" type="Script" id=13]
[ext_resource path="res://addons/dreadpon.spatial_gardener/greenhouse/greenhouse_LOD_variant.gd" type="Script" id=14]
[ext_resource path="res://Models/Tree.tres" type="ArrayMesh" id=15]
[ext_resource path="res://Props/Sign.tscn" type="PackedScene" id=16]
[ext_resource path="res://Models/Lowrestree.tres" type="ArrayMesh" id=17]
[ext_resource path="res://Props/MushroomCollider.tscn" type="PackedScene" id=18]
[ext_resource path="res://Props/Mushroom.tres" type="ArrayMesh" id=19]
[ext_resource path="res://Props/MushroomLowRes.tres" type="ArrayMesh" id=20]
[ext_resource path="res://Props/Money.tscn" type="PackedScene" id=21]
[ext_resource path="res://Props/StaminaUp.tscn" type="PackedScene" id=22]
[ext_resource path="res://Props/Stand.tscn" type="PackedScene" id=23]
[ext_resource path="res://Npc/NPC.tscn" type="PackedScene" id=24]
[ext_resource path="res://Game/Cinematic Thingy.gd" type="Script" id=25]
[ext_resource path="res://Props/DockCollider.tscn" type="PackedScene" id=26]
[ext_resource path="res://Props/Dock.tres" type="ArrayMesh" id=27]
[ext_resource path="res://Props/BoxBody.tscn" type="PackedScene" id=28]
[ext_resource path="res://Props/Box.tres" type="ArrayMesh" id=29]
[ext_resource path="res://Props/Corn.tscn" type="PackedScene" id=30]
[ext_resource path="res://Props/House.tscn" type="PackedScene" id=31]
[ext_resource path="res://Props/Torch.tscn" type="PackedScene" id=32]
[ext_resource path="res://Props/minimushroom.tres" type="ArrayMesh" id=33]
[ext_resource path="res://Props/Cannon.tscn" type="PackedScene" id=34]
[ext_resource path="res://Stuff to delete later/Identifier.png" type="Texture" id=35]
[ext_resource path="res://Models/Houise/Material_002.material" type="Material" id=36]
[ext_resource path="res://Props/Switch.tscn" type="PackedScene" id=37]
[ext_resource path="res://Game/BoomQuest.gd" type="Script" id=38]
[ext_resource path="res://Props/Arch.tscn" type="PackedScene" id=39]
[ext_resource path="res://Game/Finale Part.gd" type="Script" id=40]
[ext_resource path="res://Props/BigRock.tscn" type="PackedScene" id=41]
[ext_resource path="res://Game/ColorScreen.gd" type="Script" id=42]

[sub_resource type="ProceduralSky" id=31]
sky_top_color = Color( 0.0509804, 0.517647, 0.827451, 1 )
sky_horizon_color = Color( 0.0509804, 0.517647, 0.827451, 1 )
ground_bottom_color = Color( 0.996078, 1, 1, 1 )
ground_horizon_color = Color( 0.137255, 0.733333, 0.745098, 1 )
ground_curve = 0.125534

[sub_resource type="Environment" id=10]
background_mode = 2
background_sky = SubResource( 31 )
background_color = Color( 1, 1, 1, 0.0862745 )
ambient_light_color = Color( 0.952941, 0.952941, 0.952941, 1 )
ambient_light_energy = 0.4
fog_enabled = true
fog_color = Color( 1, 1, 1, 0.533333 )
fog_depth_begin = 100.0
fog_depth_end = 300.0
fog_depth_curve = 3.73213
fog_height_enabled = true
fog_height_max = 1815.6
tonemap_mode = 2
glow_enabled = true
glow_bloom = 0.01
adjustment_enabled = true
adjustment_brightness = 0.9
adjustment_contrast = 1.5

[sub_resource type="Shader" id=15]
code = "shader_type canvas_item;

uniform vec4 color_1 : hint_color;
uniform vec4 color_2 : hint_color;
uniform vec4 color_3 : hint_color;
uniform vec4 color_4 : hint_color;
uniform vec4 color_5 : hint_color;
uniform vec4 color_6 : hint_color;
uniform vec4 color_7 : hint_color;
uniform vec4 color_8 : hint_color;
uniform vec4 color_9 : hint_color;
uniform vec4 color_11 : hint_color;
uniform vec4 color_12 : hint_color;
uniform vec4 color_13 : hint_color;
uniform vec4 color_14 : hint_color;
uniform vec4 color_15 : hint_color;
uniform vec4 color_16 : hint_color;
uniform vec4 color_17 : hint_color;
uniform vec4 color_18 : hint_color;
uniform vec4 color_19 : hint_color;
uniform vec4 color_10 : hint_color;
uniform vec4 color_20 : hint_color;
uniform vec4 color_21 : hint_color;
uniform vec4 color_22 : hint_color;
uniform vec4 color_23 : hint_color;

void fragment() {

	vec4 colors[23] = {color_1, color_2, color_3, color_4, color_5,color_6,color_7,color_8,color_9, color_10, color_11, color_12,color_13,color_14,color_15,color_16,color_17,color_18,color_19,color_20,color_21,color_22, color_23};
	float min_diff = -1.0;
	vec4 min_color = vec4(0.0, 0.0, 0.0, 1.0);

	vec2 uv = SCREEN_UV;

	vec4 temp = textureLod(SCREEN_TEXTURE, uv, 0.0);

	min_diff = 1000.0;
	for (int i = 0; i < colors.length(); i++) {

		float curr_dist = distance(colors[i], temp);
		if (curr_dist < min_diff) {
			min_diff = curr_dist;
			min_color = colors[i];
		}
	}

	COLOR.rgb = min_color.rgb;
}"

[sub_resource type="ShaderMaterial" id=16]
shader = SubResource( 15 )
shader_param/color_1 = Color( 0.988235, 0.866667, 0.94902, 1 )
shader_param/color_2 = Color( 0.960784, 0.937255, 0.929412, 1 )
shader_param/color_3 = Color( 0.784314, 0.8, 0.572549, 1 )
shader_param/color_4 = Color( 0.180392, 0.160784, 0.305882, 1 )
shader_param/color_5 = Color( 0.176471, 0.192157, 0.258824, 1 )
shader_param/color_6 = Color( 0.0509804, 0.517647, 0.827451, 1 )
shader_param/color_7 = Color( 0.937255, 0.513726, 0.329412, 1 )
shader_param/color_8 = Color( 0.843137, 0.482353, 0.729412, 1 )
shader_param/color_9 = Color( 0.560784, 0.337255, 0.231373, 1 )
shader_param/color_11 = Color( 0.639216, 0, 0, 1 )
shader_param/color_12 = Color( 0.137255, 0.733333, 0.745098, 1 )
shader_param/color_13 = Color( 0.45098, 0.372549, 0.239216, 1 )
shader_param/color_14 = Color( 0.364706, 0.227451, 0, 1 )
shader_param/color_15 = Color( 0.0431373, 0.431373, 0.309804, 1 )
shader_param/color_16 = Color( 0.976471, 0.796078, 0.25098, 1 )
shader_param/color_17 = Color( 0.384314, 0.254902, 0.376471, 1 )
shader_param/color_18 = Color( 0.0235294, 0.839216, 0.627451, 1 )
shader_param/color_19 = Color( 0.509804, 0.819608, 0.45098, 1 )
shader_param/color_10 = Color( 0.823529, 0.843137, 0.87451, 1 )
shader_param/color_20 = Color( 0.572549, 0.862745, 0.898039, 1 )
shader_param/color_21 = Color( 0.333333, 0.866667, 0.878431, 1 )
shader_param/color_22 = Color( 0.960784, 1, 0.564706, 1 )
shader_param/color_23 = Color( 0.360784, 0.678431, 0.282353, 1 )

[sub_resource type="Animation" id=220]
resource_name = "InOut"
length = 0.5
tracks/0/type = "bezier"
tracks/0/path = NodePath("ColorRect2:rect_position:x")
tracks/0/interp = 1
tracks/0/loop_wrap = true
tracks/0/imported = false
tracks/0/enabled = true
tracks/0/keys = {
"points": PoolRealArray( 0, -0.25, 0, 0.25, 0, 0, -0.25, 0, 0.25, 0 ),
"times": PoolRealArray( 0, 0.5 )
}
tracks/1/type = "bezier"
tracks/1/path = NodePath("ColorRect2:rect_position:y")
tracks/1/interp = 1
tracks/1/loop_wrap = true
tracks/1/imported = false
tracks/1/enabled = true
tracks/1/keys = {
"points": PoolRealArray( -52, -0.25, 0, 0.25, 0, -20, -0.25, 0, 0.25, 0 ),
"times": PoolRealArray( 0, 0.5 )
}
tracks/2/type = "bezier"
tracks/2/path = NodePath("ColorRect3:rect_position:x")
tracks/2/interp = 1
tracks/2/loop_wrap = true
tracks/2/imported = false
tracks/2/enabled = true
tracks/2/keys = {
"points": PoolRealArray( 0, -0.25, 0, 0.25, 0, 0, -0.25, 0, 0.25, 0 ),
"times": PoolRealArray( 0, 0.5 )
}
tracks/3/type = "bezier"
tracks/3/path = NodePath("ColorRect3:rect_position:y")
tracks/3/interp = 1
tracks/3/loop_wrap = true
tracks/3/imported = false
tracks/3/enabled = true
tracks/3/keys = {
"points": PoolRealArray( 367, -0.25, 0, 0.25, 0, 335, -0.25, 0, 0.25, 0 ),
"times": PoolRealArray( 0, 0.5 )
}

[sub_resource type="Animation" id=222]
resource_name = "Out"
length = 0.5
tracks/0/type = "bezier"
tracks/0/path = NodePath("ColorRect2:rect_position:x")
tracks/0/interp = 1
tracks/0/loop_wrap = true
tracks/0/imported = false
tracks/0/enabled = true
tracks/0/keys = {
"points": PoolRealArray( 0, -0.25, 0, 0.25, 0, 0, -0.25, 0, 0.25, 0 ),
"times": PoolRealArray( 0, 0.5 )
}
tracks/1/type = "bezier"
tracks/1/path = NodePath("ColorRect2:rect_position:y")
tracks/1/interp = 1
tracks/1/loop_wrap = true
tracks/1/imported = false
tracks/1/enabled = true
tracks/1/keys = {
"points": PoolRealArray( -20, -0.25, 0, 0.25, 0, -52, -0.25, 0, 0.25, 0 ),
"times": PoolRealArray( 0, 0.5 )
}
tracks/2/type = "bezier"
tracks/2/path = NodePath("ColorRect3:rect_position:x")
tracks/2/interp = 1
tracks/2/loop_wrap = true
tracks/2/imported = false
tracks/2/enabled = true
tracks/2/keys = {
"points": PoolRealArray( 0, -0.25, 0, 0.25, 0, 0, -0.25, 0, 0.25, 0 ),
"times": PoolRealArray( 0, 0.5 )
}
tracks/3/type = "bezier"
tracks/3/path = NodePath("ColorRect3:rect_position:y")
tracks/3/interp = 1
tracks/3/loop_wrap = true
tracks/3/imported = false
tracks/3/enabled = true
tracks/3/keys = {
"points": PoolRealArray( 335, -0.25, 0, 0.25, 0, 367, -0.25, 0, 0.25, 0 ),
"times": PoolRealArray( 0, 0.5 )
}

[sub_resource type="Animation" id=221]
length = 0.001
tracks/0/type = "bezier"
tracks/0/path = NodePath("ColorRect2:rect_position:x")
tracks/0/interp = 1
tracks/0/loop_wrap = true
tracks/0/imported = false
tracks/0/enabled = true
tracks/0/keys = {
"points": PoolRealArray( 0, -0.25, 0, 0.25, 0 ),
"times": PoolRealArray( 0 )
}
tracks/1/type = "bezier"
tracks/1/path = NodePath("ColorRect2:rect_position:y")
tracks/1/interp = 1
tracks/1/loop_wrap = true
tracks/1/imported = false
tracks/1/enabled = true
tracks/1/keys = {
"points": PoolRealArray( -52, -0.25, 0, 0.25, 0 ),
"times": PoolRealArray( 0 )
}
tracks/2/type = "bezier"
tracks/2/path = NodePath("ColorRect3:rect_position:x")
tracks/2/interp = 1
tracks/2/loop_wrap = true
tracks/2/imported = false
tracks/2/enabled = true
tracks/2/keys = {
"points": PoolRealArray( 0, -0.25, 0, 0.25, 0 ),
"times": PoolRealArray( 0 )
}
tracks/3/type = "bezier"
tracks/3/path = NodePath("ColorRect3:rect_position:y")
tracks/3/interp = 1
tracks/3/loop_wrap = true
tracks/3/imported = false
tracks/3/enabled = true
tracks/3/keys = {
"points": PoolRealArray( 367, -0.25, 0, 0.25, 0 ),
"times": PoolRealArray( 0 )
}

[sub_resource type="Resource" id=1]
resource_name = "Greenhouse_LODVariant"
script = ExtResource( 14 )
__meta__ = {
"class": "Greenhouse_LODVariant"
}
mesh = ExtResource( 15 )
spawned_spatial = ExtResource( 10 )
cast_shadow = 1

[sub_resource type="Resource" id=32]
resource_name = "Greenhouse_LODVariant"
script = ExtResource( 14 )
__meta__ = {
"class": "Greenhouse_LODVariant"
}
mesh = ExtResource( 15 )
spawned_spatial = ExtResource( 10 )
cast_shadow = 1

[sub_resource type="Resource" id=177]
resource_name = "Greenhouse_LODVariant"
script = ExtResource( 14 )
__meta__ = {
"class": "Greenhouse_LODVariant"
}
mesh = ExtResource( 17 )
spawned_spatial = ExtResource( 10 )
cast_shadow = 1

[sub_resource type="Resource" id=87]
resource_name = "PlacementTransform"
script = ExtResource( 12 )
__meta__ = {
"class": "PlacementTransform"
}
placement = Vector3( -122.649, 27.4602, -135.027 )
surface_normal = Vector3( -0.591722, 0.805749, -0.0251797 )
transform = Transform( 0.984092, -0.0154241, 0.17699, -0.0342518, 0.961063, 0.274199, -0.174328, -0.275899, 0.945246, -122.649, 27.4602, -135.027 )
octree_octant = 6

[sub_resource type="Resource" id=88]
resource_name = "PlacementTransform"
script = ExtResource( 12 )
__meta__ = {
"class": "PlacementTransform"
}
placement = Vector3( -106.039, 29.0317, -108.709 )
surface_normal = Vector3( -0.688875, 0.648353, 0.324176 )
transform = Transform( -0.429205, -0.213509, -0.877608, -0.140969, 0.975586, -0.168403, 0.892138, 0.0514358, -0.448825, -106.039, 29.0317, -108.709 )
octree_octant = 7

[sub_resource type="Resource" id=89]
resource_name = "PlacementTransform"
script = ExtResource( 12 )
__meta__ = {
"class": "PlacementTransform"
}
placement = Vector3( -79.9354, 50.6024, -97.7943 )
surface_normal = Vector3( -0.70011, 0.605501, 0.378438 )
transform = Transform( 0.0678612, -0.231741, -0.970408, 0.147555, 0.964285, -0.219961, 0.986723, -0.128262, 0.0996321, -79.9354, 50.6024, -97.7943 )
octree_octant = 7

[sub_resource type="Resource" id=90]
resource_name = "PlacementTransform"
script = ExtResource( 12 )
__meta__ = {
"class": "PlacementTransform"
}
placement = Vector3( -37.8593, 107.506, -4.18602 )
surface_normal = Vector3( -0.697518, 0.656488, -0.287213 )
transform = Transform( -0.249474, -0.250647, 0.935382, 0.308894, 0.894867, 0.322176, -0.917795, 0.369308, -0.145822, -37.8593, 107.506, -4.18602 )
octree_octant = 7

[sub_resource type="Resource" id=91]
resource_name = "PlacementTransform"
script = ExtResource( 12 )
__meta__ = {
"class": "PlacementTransform"
}
placement = Vector3( -31.0396, 110.177, -9.79613 )
surface_normal = Vector3( -0.505076, 0.808122, -0.303046 )
transform = Transform( -0.208863, -0.034336, 0.977342, 0.238083, 0.96753, 0.0848706, -0.948521, 0.250415, -0.193906, -31.0396, 110.177, -9.79613 )
octree_octant = 7

[sub_resource type="Resource" id=92]
resource_name = "PlacementTransform"
script = ExtResource( 12 )
__meta__ = {
"class": "PlacementTransform"
}
placement = Vector3( -42.1445, 104.403, -2.90029 )
surface_normal = Vector3( -0.423999, 0.847998, -0.317999 )
transform = Transform( 0.198346, 0.0998035, 0.975037, 0.135731, 0.98242, -0.12817, -0.970688, 0.157765, 0.181313, -42.1445, 104.403, -2.90029 )
octree_octant = 7

[sub_resource type="Resource" id=93]
resource_name = "PlacementTransform"
script = ExtResource( 12 )
__meta__ = {
"class": "PlacementTransform"
}
placement = Vector3( -63.5304, 43.8767, -67.1514 )
surface_normal = Vector3( -0.734248, 0.559427, 0.384606 )
transform = Transform( 0.834551, -0.277696, 0.475824, 0.309167, 0.950923, 0.0127197, -0.456005, 0.136494, 0.879448, -63.5304, 43.8767, -67.1514 )
octree_octant = 7

[sub_resource type="Resource" id=94]
resource_name = "PlacementTransform"
script = ExtResource( 12 )
__meta__ = {
"class": "PlacementTransform"
}
placement = Vector3( -130.296, 43.6547, -14.1455 )
surface_normal = Vector3( 0.0253673, 0.811754, -0.583448 )
transform = Transform( 0.413222, 0.294332, 0.861752, -0.224729, 0.950016, -0.216718, -0.882465, -0.104108, 0.458712, -130.296, 43.6547, -14.1455 )
octree_octant = 3

[sub_resource type="Resource" id=95]
resource_name = "PlacementTransform"
script = ExtResource( 12 )
__meta__ = {
"class": "PlacementTransform"
}
placement = Vector3( -96.2522, 0.152796, -54.3695 )
surface_normal = Vector3( 0.110909, 0.992423, 0.0528799 )
transform = Transform( -0.747103, 0.393157, -0.535971, 0.348896, 0.918264, 0.18725, 0.565782, -0.0471031, -0.823208, -96.2522, 0.152796, -54.3695 )
octree_octant = 7

[sub_resource type="Resource" id=96]
resource_name = "PlacementTransform"
script = ExtResource( 12 )
__meta__ = {
"class": "PlacementTransform"
}
placement = Vector3( -116.479, 2.46574, -43.3467 )
surface_normal = Vector3( 0.282834, 0.934266, 0.217144 )
transform = Transform( 0.983148, 0.0488832, 0.176153, 0.00209059, 0.960517, -0.278215, -0.182798, 0.273895, 0.944228, -116.479, 2.46574, -43.3467 )
octree_octant = 7

[sub_resource type="Resource" id=97]
resource_name = "PlacementTransform"
script = ExtResource( 12 )
__meta__ = {
"class": "PlacementTransform"
}
placement = Vector3( -42.1782, 48.0197, -124.412 )
surface_normal = Vector3( -0.303046, 0.808122, -0.505076 )
transform = Transform( 0.97768, 0.0555177, -0.202634, -0.0167345, 0.981969, 0.188299, 0.209434, -0.180705, 0.96098, -42.1782, 48.0197, -124.412 )
octree_octant = 7

[sub_resource type="Resource" id=98]
resource_name = "PlacementTransform"
script = ExtResource( 12 )
__meta__ = {
"class": "PlacementTransform"
}
placement = Vector3( -28.6458, 72.3849, -90.0934 )
surface_normal = Vector3( 0, 0.871576, -0.490261 )
transform = Transform( 0.535786, 0.175611, -0.82589, 0.109739, 0.955353, 0.274331, 0.837192, -0.237615, 0.492594, -28.6458, 72.3849, -90.0934 )
octree_octant = 7

[sub_resource type="Resource" id=99]
resource_name = "PlacementTransform"
script = ExtResource( 12 )
__meta__ = {
"class": "PlacementTransform"
}
placement = Vector3( -73.0674, 41.8855, -124.945 )
surface_normal = Vector3( -0.707269, 0.685837, 0.171459 )
transform = Transform( 0.426347, 0.203722, 0.88132, 0.178369, 0.936244, -0.302705, -0.886799, 0.286258, 0.362828, -73.0674, 41.8855, -124.945 )
octree_octant = 7

[sub_resource type="Resource" id=100]
resource_name = "PlacementTransform"
script = ExtResource( 12 )
__meta__ = {
"class": "PlacementTransform"
}
placement = Vector3( -65.4464, 49.7834, -114.879 )
surface_normal = Vector3( -0.707829, 0.647158, -0.283132 )
transform = Transform( 0.0605166, 0.092308, -0.99389, -0.0834559, 0.992696, 0.0871157, 0.994672, 0.077674, 0.0677783, -65.4464, 49.7834, -114.879 )
octree_octant = 7

[sub_resource type="Resource" id=101]
resource_name = "PlacementTransform"
script = ExtResource( 12 )
__meta__ = {
"class": "PlacementTransform"
}
placement = Vector3( -21.7558, 44.8991, -136.914 )
surface_normal = Vector3( -0.0874446, 0.932742, -0.349778 )
transform = Transform( 0.325102, 0.262109, -0.908629, 0.0553417, 0.953903, 0.29497, 0.944058, -0.14618, 0.295611, -21.7558, 44.8991, -136.914 )
octree_octant = 6

[sub_resource type="Resource" id=102]
resource_name = "PlacementTransform"
script = ExtResource( 12 )
__meta__ = {
"class": "PlacementTransform"
}
placement = Vector3( -55.7567, 26.1083, -138.248 )
surface_normal = Vector3( -0.263838, 0.888717, -0.374928 )
transform = Transform( 0.937905, -0.16508, -0.305094, 0.16569, 0.985884, -0.0240844, 0.304763, -0.0279623, 0.952017, -55.7567, 26.1083, -138.248 )
octree_octant = 6

[sub_resource type="Resource" id=103]
resource_name = "PlacementTransform"
script = ExtResource( 12 )
__meta__ = {
"class": "PlacementTransform"
}
placement = Vector3( -48.738, 26.6023, -137.925 )
surface_normal = Vector3( 0.0263044, 0.841741, -0.53924 )
transform = Transform( -0.979529, -0.169021, 0.109336, -0.182907, 0.974125, -0.132764, -0.0840672, -0.150044, -0.985099, -48.738, 26.6023, -137.925 )
octree_octant = 6

[sub_resource type="Resource" id=104]
resource_name = "PlacementTransform"
script = ExtResource( 12 )
__meta__ = {
"class": "PlacementTransform"
}
placement = Vector3( -4.1792, 19.203, -161.267 )
surface_normal = Vector3( -0.672369, 0.30958, -0.672369 )
transform = Transform( 0.567847, 0.356508, 0.741925, -0.334768, 0.923455, -0.187514, -0.751984, -0.141894, 0.643728, -4.1792, 19.203, -161.267 )
octree_octant = 6

[sub_resource type="Resource" id=225]
resource_name = "PlacementTransform"
script = ExtResource( 12 )
__meta__ = {
"class": "PlacementTransform"
}
placement = Vector3( -127.305, -1.9451, -66.2486 )
surface_normal = Vector3( -0.538731, 0.797197, -0.27248 )
transform = Transform( 0.913932, -0.132608, -0.383593, 0.059503, 0.978684, -0.196561, 0.401482, 0.156818, 0.902341, -127.305, -1.9451, -66.2486 )
octree_octant = 5

[sub_resource type="Resource" id=105]
resource_name = "MMIOctreeNode"
script = ExtResource( 11 )
__meta__ = {
"class": "MMIOctreeNode"
}
members = [ SubResource( 87 ), SubResource( 88 ), SubResource( 89 ), SubResource( 90 ), SubResource( 91 ), SubResource( 92 ), SubResource( 93 ), SubResource( 94 ), SubResource( 95 ), SubResource( 96 ), SubResource( 97 ), SubResource( 98 ), SubResource( 99 ), SubResource( 100 ), SubResource( 101 ), SubResource( 102 ), SubResource( 103 ), SubResource( 104 ), SubResource( 225 ) ]
child_nodes = [  ]
max_members = 75
min_leaf_extent = 1.0
octant = 0
is_leaf = true
center_pos = Vector3( -129, -1, -129 )
extent = 128.0
bounds = AABB( -257, -129, -257, 256, 256, 256 )
max_bounds_to_center_dist = 221.702
min_bounds_to_center_dist = 128.0
active_LOD_index = -1
MMI_name = "MultiMeshInstance3"

[sub_resource type="Resource" id=83]
resource_name = "PlacementTransform"
script = ExtResource( 12 )
__meta__ = {
"class": "PlacementTransform"
}
placement = Vector3( -5.43594, -0.3722, 198.769 )
surface_normal = Vector3( 0.421983, 0.874718, -0.238326 )
transform = Transform( -0.177785, -0.0213463, 0.983838, -0.0722696, 0.997348, 0.00857988, -0.981412, -0.0695762, -0.178856, -5.43594, -0.3722, 198.769 )
octree_octant = 7

[sub_resource type="Resource" id=84]
resource_name = "PlacementTransform"
script = ExtResource( 12 )
__meta__ = {
"class": "PlacementTransform"
}
placement = Vector3( -27.6998, -2.40077, 188.509 )
surface_normal = Vector3( -0.0376338, 0.963426, -0.265319 )
transform = Transform( -0.434138, 0.0410699, -0.89991, 0.205957, 0.977027, -0.0547691, 0.876987, -0.20912, -0.432623, -27.6998, -2.40077, 188.509 )
octree_octant = 5

[sub_resource type="Resource" id=85]
resource_name = "PlacementTransform"
script = ExtResource( 12 )
__meta__ = {
"class": "PlacementTransform"
}
placement = Vector3( -31.0686, 0.264807, 212.138 )
surface_normal = Vector3( 0.0190377, 0.999725, 0.0136681 )
transform = Transform( 0.345855, 0.127669, 0.929562, 0.139691, 0.972653, -0.185561, -0.927831, 0.194028, 0.318563, -31.0686, 0.264807, 212.138 )
octree_octant = 7

[sub_resource type="Resource" id=86]
resource_name = "PlacementTransform"
script = ExtResource( 12 )
__meta__ = {
"class": "PlacementTransform"
}
placement = Vector3( -10.3666, 0.0438405, 209.18 )
surface_normal = Vector3( 0.194723, 0.980589, -0.0229826 )
transform = Transform( -0.274992, 0.0479866, 0.960248, -0.172429, 0.980099, -0.0983582, -0.945858, -0.192622, -0.261246, -10.3666, 0.0438405, 209.18 )
octree_octant = 7

[sub_resource type="Resource" id=106]
resource_name = "PlacementTransform"
script = ExtResource( 12 )
__meta__ = {
"class": "PlacementTransform"
}
placement = Vector3( -85.0008, 3.89182, 150.94 )
surface_normal = Vector3( 0.135936, 0.773326, 0.619265 )
transform = Transform( -0.540432, -0.27383, 0.795582, -0.279474, 0.950295, 0.137236, -0.793617, -0.148177, -0.590098, -85.0008, 3.89182, 150.94 )
octree_octant = 7

[sub_resource type="Resource" id=107]
resource_name = "PlacementTransform"
script = ExtResource( 12 )
__meta__ = {
"class": "PlacementTransform"
}
placement = Vector3( -93.3228, 0.982797, 162.145 )
surface_normal = Vector3( 0.130911, 0.899682, 0.416454 )
transform = Transform( -0.747614, -0.248155, 0.61603, -0.142516, 0.965906, 0.216137, -0.648662, 0.0737929, -0.757491, -93.3228, 0.982797, 162.145 )
octree_octant = 7

[sub_resource type="Resource" id=108]
resource_name = "PlacementTransform"
script = ExtResource( 12 )
__meta__ = {
"class": "PlacementTransform"
}
placement = Vector3( -12.2836, 4.08107, 152.439 )
surface_normal = Vector3( -0.109902, 0.987187, 0.115686 )
transform = Transform( -0.98338, -0.17985, 0.0248701, -0.180823, 0.982491, -0.0448804, -0.0163629, -0.0486316, -0.998683, -12.2836, 4.08107, 152.439 )
octree_octant = 7

[sub_resource type="Resource" id=109]
resource_name = "PlacementTransform"
script = ExtResource( 12 )
__meta__ = {
"class": "PlacementTransform"
}
placement = Vector3( -101.733, 24.1107, 141.979 )
surface_normal = Vector3( 0, 0.998053, 0.0623783 )
transform = Transform( -0.766755, 0.41724, -0.48785, 0.347153, 0.908759, 0.231607, 0.539973, 0.00822778, -0.841642, -101.733, 24.1107, 141.979 )
octree_octant = 7

[sub_resource type="Resource" id=110]
resource_name = "PlacementTransform"
script = ExtResource( 12 )
__meta__ = {
"class": "PlacementTransform"
}
placement = Vector3( -95.7819, 24.3771, 132.071 )
surface_normal = Vector3( 0.0467723, 0.99781, 0.0467723 )
transform = Transform( 0.296352, 0.109804, 0.948746, 0.283882, 0.938347, -0.197274, -0.911914, 0.327794, 0.24691, -95.7819, 24.3771, 132.071 )
octree_octant = 7

[sub_resource type="Resource" id=111]
resource_name = "PlacementTransform"
script = ExtResource( 12 )
__meta__ = {
"class": "PlacementTransform"
}
placement = Vector3( -112.589, 24.2342, 137.428 )
surface_normal = Vector3( -0.0155025, 0.992159, 0.12402 )
transform = Transform( -0.15711, 0.133033, 0.97858, -0.238715, 0.956387, -0.168341, -0.958296, -0.26005, -0.118501, -112.589, 24.2342, 137.428 )
octree_octant = 7

[sub_resource type="Resource" id=112]
resource_name = "PlacementTransform"
script = ExtResource( 12 )
__meta__ = {
"class": "PlacementTransform"
}
placement = Vector3( -117.437, 24.6892, 131.379 )
surface_normal = Vector3( -0.183233, 0.977242, 0.106886 )
transform = Transform( 0.775882, 0.0892349, -0.624535, 0.154286, 0.933047, 0.324991, 0.611721, -0.348512, 0.710167, -117.437, 24.6892, 131.379 )
octree_octant = 7

[sub_resource type="Resource" id=113]
resource_name = "PlacementTransform"
script = ExtResource( 12 )
__meta__ = {
"class": "PlacementTransform"
}
placement = Vector3( -105.461, 32.9491, 107.027 )
surface_normal = Vector3( -0.492515, 0.788024, 0.369386 )
transform = Transform( -0.131278, -0.278402, -0.951451, 0.0457877, 0.95703, -0.286352, 0.990288, -0.0811565, -0.112889, -105.461, 32.9491, 107.027 )
octree_octant = 6

[sub_resource type="Resource" id=114]
resource_name = "PlacementTransform"
script = ExtResource( 12 )
__meta__ = {
"class": "PlacementTransform"
}
placement = Vector3( -130.983, 23.9171, 101.494 )
surface_normal = Vector3( -0.138445, 0.984499, 0.10768 )
transform = Transform( -0.974865, 0.178754, 0.132987, 0.166076, 0.980919, -0.101075, -0.148517, -0.0764482, -0.98595, -130.983, 23.9171, 101.494 )
octree_octant = 2

[sub_resource type="Resource" id=115]
resource_name = "PlacementTransform"
script = ExtResource( 12 )
__meta__ = {
"class": "PlacementTransform"
}
placement = Vector3( -121.325, 10.1189, 146.545 )
surface_normal = Vector3( -0.119041, 0.896311, 0.427148 )
transform = Transform( 0.312654, 0.030311, -0.949383, -0.318607, 0.944934, -0.0747558, 0.894839, 0.325853, 0.305095, -121.325, 10.1189, 146.545 )
octree_octant = 7

[sub_resource type="Resource" id=116]
resource_name = "PlacementTransform"
script = ExtResource( 12 )
__meta__ = {
"class": "PlacementTransform"
}
placement = Vector3( -140.489, 2.72098, 143.126 )
surface_normal = Vector3( -0.615636, 0.734744, 0.284857 )
transform = Transform( -0.696922, 0.0776237, 0.712934, 0.268898, 0.949881, 0.159436, -0.664827, 0.30282, -0.682866, -140.489, 2.72098, 143.126 )
octree_octant = 3

[sub_resource type="Resource" id=117]
resource_name = "PlacementTransform"
script = ExtResource( 12 )
__meta__ = {
"class": "PlacementTransform"
}
placement = Vector3( -126.806, 2.90129, 157.901 )
surface_normal = Vector3( -0.46204, 0.706163, 0.536519 )
transform = Transform( 0.204004, 0.195548, -0.959241, 0.169109, 0.958078, 0.231276, 0.964253, -0.209398, 0.162383, -126.806, 2.90129, 157.901 )
octree_octant = 7

[sub_resource type="Resource" id=118]
resource_name = "PlacementTransform"
script = ExtResource( 12 )
__meta__ = {
"class": "PlacementTransform"
}
placement = Vector3( -106.912, 43.1739, 85.0872 )
surface_normal = Vector3( -0.0307003, 0.982409, 0.184202 )
transform = Transform( 0.188808, -0.177138, -0.965905, -0.0281898, 0.982213, -0.18564, 0.981609, 0.062279, 0.180457, -106.912, 43.1739, 85.0872 )
octree_octant = 6

[sub_resource type="Resource" id=119]
resource_name = "PlacementTransform"
script = ExtResource( 12 )
__meta__ = {
"class": "PlacementTransform"
}
placement = Vector3( -106.792, 50.3071, 72.8222 )
surface_normal = Vector3( -0.32381, 0.941992, 0.0883117 )
transform = Transform( 0.848159, 0.170636, -0.501508, -0.0330213, 0.961891, 0.271434, 0.528712, -0.213659, 0.82147, -106.792, 50.3071, 72.8222 )
octree_octant = 6

[sub_resource type="Resource" id=120]
resource_name = "PlacementTransform"
script = ExtResource( 12 )
__meta__ = {
"class": "PlacementTransform"
}
placement = Vector3( -117.761, 46.8411, 66.8539 )
surface_normal = Vector3( -0.324513, 0.944039, 0.0590024 )
transform = Transform( -0.454293, -0.00452052, -0.890841, -0.0546808, 0.998243, 0.0228195, 0.889173, 0.0590786, -0.453742, -117.761, 46.8411, 66.8539 )
octree_octant = 6

[sub_resource type="Resource" id=121]
resource_name = "PlacementTransform"
script = ExtResource( 12 )
__meta__ = {
"class": "PlacementTransform"
}
placement = Vector3( -143.886, 41.6275, 11.952 )
surface_normal = Vector3( -0.454707, 0.765822, 0.454707 )
transform = Transform( 0.138741, 0.250049, 0.958241, 0.238335, 0.93073, -0.277377, -0.961222, 0.266866, 0.0695348, -143.886, 41.6275, 11.952 )
octree_octant = 2

[sub_resource type="Resource" id=122]
resource_name = "PlacementTransform"
script = ExtResource( 12 )
__meta__ = {
"class": "PlacementTransform"
}
placement = Vector3( -152.683, 34.9146, 35.4598 )
surface_normal = Vector3( -0.529256, 0.84681, -0.0529256 )
transform = Transform( -0.0333416, -0.173581, 0.984255, 0.216776, 0.960103, 0.176665, -0.975652, 0.219253, 0.0056168, -152.683, 34.9146, 35.4598 )
octree_octant = 2

[sub_resource type="Resource" id=123]
resource_name = "PlacementTransform"
script = ExtResource( 12 )
__meta__ = {
"class": "PlacementTransform"
}
placement = Vector3( -143.526, 33.6689, 55.1188 )
surface_normal = Vector3( -0.0578073, 0.924917, 0.375748 )
transform = Transform( -0.208225, -0.0854854, -0.974338, -0.14621, 0.987701, -0.0554115, 0.967091, 0.130919, -0.218163, -143.526, 33.6689, 55.1188 )
octree_octant = 2

[sub_resource type="Resource" id=124]
resource_name = "PlacementTransform"
script = ExtResource( 12 )
__meta__ = {
"class": "PlacementTransform"
}
placement = Vector3( -132.188, 55.5289, 3.09843 )
surface_normal = Vector3( -0.355734, 0.758899, 0.545459 )
transform = Transform( -0.652353, -0.00302103, -0.757909, 0.292104, 0.921738, -0.255096, 0.699365, -0.387801, -0.600416, -132.188, 55.5289, 3.09843 )
octree_octant = 2

[sub_resource type="Resource" id=125]
resource_name = "PlacementTransform"
script = ExtResource( 12 )
__meta__ = {
"class": "PlacementTransform"
}
placement = Vector3( -105.444, 62.4714, 36.3466 )
surface_normal = Vector3( -0.400163, 0.914659, 0.0571662 )
transform = Transform( 0.961267, -0.275131, 0.0164152, 0.274346, 0.960845, 0.038886, -0.0264712, -0.0328763, 0.999109, -105.444, 62.4714, 36.3466 )
octree_octant = 6

[sub_resource type="Resource" id=126]
resource_name = "PlacementTransform"
script = ExtResource( 12 )
__meta__ = {
"class": "PlacementTransform"
}
placement = Vector3( -84.4694, 73.0348, 47.3137 )
surface_normal = Vector3( -0.348743, 0.929981, 0.116248 )
transform = Transform( -0.888786, -0.0340012, -0.457059, -0.0966237, 0.988732, 0.114339, 0.448021, 0.145786, -0.882056, -84.4694, 73.0348, 47.3137 )
octree_octant = 6

[sub_resource type="Resource" id=127]
resource_name = "PlacementTransform"
script = ExtResource( 12 )
__meta__ = {
"class": "PlacementTransform"
}
placement = Vector3( -84.8185, 68.3887, 102.126 )
surface_normal = Vector3( -0.672842, 0.717698, 0.179425 )
transform = Transform( 0.103328, -0.0508499, -0.993347, 0.278211, 0.960307, -0.0202192, 0.954946, -0.274271, 0.113373, -84.8185, 68.3887, 102.126 )
octree_octant = 6

[sub_resource type="Resource" id=128]
resource_name = "PlacementTransform"
script = ExtResource( 12 )
__meta__ = {
"class": "PlacementTransform"
}
placement = Vector3( -98.3202, 62.7727, 55.7532 )
surface_normal = Vector3( -0.324938, 0.945274, 0.0295398 )
transform = Transform( -0.98029, -0.18386, 0.0723049, -0.193236, 0.968487, -0.157137, -0.0411352, -0.168011, -0.984926, -98.3202, 62.7727, 55.7532 )
octree_octant = 6

[sub_resource type="Resource" id=129]
resource_name = "PlacementTransform"
script = ExtResource( 12 )
__meta__ = {
"class": "PlacementTransform"
}
placement = Vector3( -143.383, 38.2633, 22.7175 )
surface_normal = Vector3( -0.290129, 0.928414, 0.232104 )
transform = Transform( 0.913572, 0.109942, 0.391533, -0.162554, 0.981229, 0.103761, -0.372776, -0.158438, 0.914295, -143.383, 38.2633, 22.7175 )
octree_octant = 2

[sub_resource type="Resource" id=130]
resource_name = "PlacementTransform"
script = ExtResource( 12 )
__meta__ = {
"class": "PlacementTransform"
}
placement = Vector3( -145.746, 38.8574, 17.524 )
surface_normal = Vector3( -0.483843, 0.860165, 0.161281 )
transform = Transform( 0.695081, -0.0335187, -0.718149, 0.166844, 0.979161, 0.115784, 0.699303, -0.200298, 0.686189, -145.746, 38.8574, 17.524 )
octree_octant = 2

[sub_resource type="Resource" id=131]
resource_name = "PlacementTransform"
script = ExtResource( 12 )
__meta__ = {
"class": "PlacementTransform"
}
placement = Vector3( -148.778, 36.0161, 26.0525 )
surface_normal = Vector3( -0.239796, 0.959185, 0.149873 )
transform = Transform( 0.643134, 0.184773, 0.743126, -0.343762, 0.936834, 0.0645696, -0.684255, -0.296986, 0.666028, -148.778, 36.0161, 26.0525 )
octree_octant = 2

[sub_resource type="Resource" id=132]
resource_name = "PlacementTransform"
script = ExtResource( 12 )
__meta__ = {
"class": "PlacementTransform"
}
placement = Vector3( -126.303, 48.3298, 13.502 )
surface_normal = Vector3( -0.368878, 0.908007, 0.198627 )
transform = Transform( -0.964484, 0.250334, -0.0842818, 0.211275, 0.922632, 0.322667, 0.158536, 0.2934, -0.942753, -126.303, 48.3298, 13.502 )
octree_octant = 6

[sub_resource type="Resource" id=133]
resource_name = "PlacementTransform"
script = ExtResource( 12 )
__meta__ = {
"class": "PlacementTransform"
}
placement = Vector3( -118.624, 41.0193, 79.6279 )
surface_normal = Vector3( -0.485903, 0.818363, 0.306886 )
transform = Transform( 0.690716, 0.0412703, -0.721947, -0.0788473, 0.996716, -0.018459, 0.718814, 0.0696735, 0.691702, -118.624, 41.0193, 79.6279 )
octree_octant = 6

[sub_resource type="Resource" id=134]
resource_name = "PlacementTransform"
script = ExtResource( 12 )
__meta__ = {
"class": "PlacementTransform"
}
placement = Vector3( -65.8228, 80.628, 60.5684 )
surface_normal = Vector3( -0.449439, 0.799002, 0.399501 )
transform = Transform( -0.517111, 0.334984, 0.787643, 0.243462, 0.939786, -0.23985, -0.820562, 0.0677324, -0.56753, -65.8228, 80.628, 60.5684 )
octree_octant = 6

[sub_resource type="Resource" id=135]
resource_name = "PlacementTransform"
script = ExtResource( 12 )
__meta__ = {
"class": "PlacementTransform"
}
placement = Vector3( -67.667, 79.6552, 84.0505 )
surface_normal = Vector3( -0.23862, 0.95448, -0.178965 )
transform = Transform( -0.836909, -0.220309, 0.501047, -0.280789, 0.958593, -0.0475158, -0.469831, -0.180455, -0.864115, -67.667, 79.6552, 84.0505 )
octree_octant = 6

[sub_resource type="Resource" id=136]
resource_name = "PlacementTransform"
script = ExtResource( 12 )
__meta__ = {
"class": "PlacementTransform"
}
placement = Vector3( -57.8146, 81.8626, 77.4367 )
surface_normal = Vector3( -0.345834, 0.922225, 0.172917 )
transform = Transform( 0.459998, 0.114245, 0.88054, -0.00879084, 0.992225, -0.124144, -0.887877, 0.0493651, 0.457426, -57.8146, 81.8626, 77.4367 )
octree_octant = 6

[sub_resource type="Resource" id=137]
resource_name = "PlacementTransform"
script = ExtResource( 12 )
__meta__ = {
"class": "PlacementTransform"
}
placement = Vector3( -56.2261, 95.2083, 45.7586 )
surface_normal = Vector3( -0.324918, 0.866449, 0.379071 )
transform = Transform( 0.174763, 0.265163, 0.948233, -0.0850572, 0.96352, -0.253762, -0.98093, -0.036306, 0.190941, -56.2261, 95.2083, 45.7586 )
octree_octant = 6

[sub_resource type="Resource" id=138]
resource_name = "PlacementTransform"
script = ExtResource( 12 )
__meta__ = {
"class": "PlacementTransform"
}
placement = Vector3( -19.6912, 81.8579, 83.5273 )
surface_normal = Vector3( 0.042796, 0.684737, 0.727533 )
transform = Transform( 0.98515, -0.0445552, 0.165813, -0.0117567, 0.945971, 0.324039, -0.171292, -0.321177, 0.931399, -19.6912, 81.8579, 83.5273 )
octree_octant = 6

[sub_resource type="Resource" id=139]
resource_name = "PlacementTransform"
script = ExtResource( 12 )
__meta__ = {
"class": "PlacementTransform"
}
placement = Vector3( -24.186, 90.4557, 69.2839 )
surface_normal = Vector3( -0.33035, 0.755087, 0.566315 )
transform = Transform( -0.900497, -0.255959, -0.351553, -0.337782, 0.920852, 0.19477, 0.273875, 0.294138, -0.915683, -24.186, 90.4557, 69.2839 )
octree_octant = 6

[sub_resource type="Resource" id=140]
resource_name = "PlacementTransform"
script = ExtResource( 12 )
__meta__ = {
"class": "PlacementTransform"
}
placement = Vector3( -29.3645, 87.8149, 72.3848 )
surface_normal = Vector3( -0.102463, 0.819705, 0.563547 )
transform = Transform( 0.120725, -0.0750291, -0.989846, 0.271034, 0.961745, -0.0398427, 0.954969, -0.263472, 0.136443, -29.3645, 87.8149, 72.3848 )
octree_octant = 6

[sub_resource type="Resource" id=141]
resource_name = "PlacementTransform"
script = ExtResource( 12 )
__meta__ = {
"class": "PlacementTransform"
}
placement = Vector3( -28.2447, 82.1627, 83.1008 )
surface_normal = Vector3( -0.108306, 0.866449, 0.487377 )
transform = Transform( 0.0427248, -0.182864, -0.982209, -0.101713, 0.977203, -0.186356, 0.993896, 0.107865, 0.0231512, -28.2447, 82.1627, 83.1008 )
octree_octant = 6

[sub_resource type="Resource" id=142]
resource_name = "PlacementTransform"
script = ExtResource( 12 )
__meta__ = {
"class": "PlacementTransform"
}
placement = Vector3( -51.3717, 95.6668, 48.0271 )
surface_normal = Vector3( -0.165395, 0.882109, 0.441054 )
transform = Transform( 0.731568, 0.036055, 0.680815, -0.336869, 0.887299, 0.314992, -0.592729, -0.459783, 0.661265, -51.3717, 95.6668, 48.0271 )
octree_octant = 6

[sub_resource type="Resource" id=143]
resource_name = "PlacementTransform"
script = ExtResource( 12 )
__meta__ = {
"class": "PlacementTransform"
}
placement = Vector3( -76.9115, 107.486, 6.69098 )
surface_normal = Vector3( -0.0622573, 0.996117, -0.0622573 )
transform = Transform( 0.708315, -0.119534, -0.695702, 0.159053, 0.98724, -0.00768956, 0.687744, -0.105207, 0.718289, -76.9115, 107.486, 6.69098 )
octree_octant = 6

[sub_resource type="Resource" id=144]
resource_name = "PlacementTransform"
script = ExtResource( 12 )
__meta__ = {
"class": "PlacementTransform"
}
placement = Vector3( -67.8035, 107.19, 21.6194 )
surface_normal = Vector3( 0.0618984, 0.990375, -0.123797 )
transform = Transform( -0.966876, 0.0989841, 0.235274, 0.090027, 0.994756, -0.0485398, -0.238845, -0.0257509, -0.970716, -67.8035, 107.19, 21.6194 )
octree_octant = 6

[sub_resource type="Resource" id=145]
resource_name = "PlacementTransform"
script = ExtResource( 12 )
__meta__ = {
"class": "PlacementTransform"
}
placement = Vector3( -78.3994, 106.912, 15.3089 )
surface_normal = Vector3( 0.242536, 0.970142, 0 )
transform = Transform( 0.0859067, 0.0945909, -0.991803, -0.162975, 0.983408, 0.0796739, 0.982883, 0.154795, 0.0998973, -78.3994, 106.912, 15.3089 )
octree_octant = 6

[sub_resource type="Resource" id=146]
resource_name = "PlacementTransform"
script = ExtResource( 12 )
__meta__ = {
"class": "PlacementTransform"
}
placement = Vector3( -76.7476, 107.481, 22.9411 )
surface_normal = Vector3( 0.0622573, 0.996117, -0.0622573 )
transform = Transform( -0.204889, 0.268713, -0.941177, 0.158977, 0.957944, 0.238892, 0.965788, -0.10068, -0.238991, -76.7476, 107.481, 22.9411 )
octree_octant = 6

[sub_resource type="Resource" id=147]
resource_name = "PlacementTransform"
script = ExtResource( 12 )
__meta__ = {
"class": "PlacementTransform"
}
placement = Vector3( -24.2647, 111.438, 5.31948 )
surface_normal = Vector3( -0.58788, 0.723545, 0.361773 )
transform = Transform( -0.395419, -0.308588, -0.865111, -0.188527, 0.949087, -0.252372, 0.898945, 0.063304, -0.433464, -24.2647, 111.438, 5.31948 )
octree_octant = 6

[sub_resource type="Resource" id=148]
resource_name = "PlacementTransform"
script = ExtResource( 12 )
__meta__ = {
"class": "PlacementTransform"
}
placement = Vector3( -27.4148, 108.048, 13.5769 )
